X_0_0,X_0_1,X_0_2,X_0_3,Y_0_0,Y_0_1,Y_0_2,Y_0_3,decay_0,decay_1,W_0,W_1,J_0
0.508,0.6664,0.508,0.6664,0.1488,0.0872,0.1488,0.0872,1.0144412257968805,1.5337442296577164,-0.2674713738461749,-0.6848680962801215,-0.7025788943712068
0.5312,0.812,0.5312,0.812,-0.0104,-0.1496,-0.0104,-0.1496,0.532659617769044,1.6631431183114747,0.4152012442594072,0.016028494118814955,0.30709804216494874
0.7016,0.8024,0.7016,0.8024,0.0584,0.0408,0.0584,0.0408,0.5410410374727905,0.8200486704855938,-0.1540946556365469,-0.20084262505250486,1.8575027190771218
0.7216,0.8752,0.7216,0.8752,0.112,-0.3608,0.112,-0.3608,0.173740087048472,0.8110635084026125,0.9379954167142325,-0.3804371216482304,0.9093023170194465
0.5696,0.5592,0.5696,0.5592,-0.2232,0.4928,-0.2232,0.4928,0.664003370150469,1.3124024368726042,-1.7412081185155177,1.0417679901327757,0.622978645925084
0.508,0.6336,0.508,0.6336,0.0848,-0.1136,0.0848,-0.1136,1.0340214344387018,1.782333574477546,0.5231350402572266,-0.542618316551584,-1.8677688127997354
0.6568,0.7304,0.6568,0.7304,-0.1856,0.1704,-0.1856,0.1704,0.6663349675439407,0.9004365328798685,-0.4752811907577243,0.6363177909858908,-0.24327175108864021
0.6688,0.7688,0.6688,0.7688,0.4528,-0.124,0.4528,-0.124,0.661254239641009,0.47256600407531557,0.3507941064916942,-1.5205355428573053,0.9295255768458186
0.9504,0.6584,0.9504,0.6584,0.3,-0.3152,0.3,-0.3152,0.7864015427834019,-0.14537305811145296,1.1854115779072159,-0.7375623384372743,1.4946031234908197
0.7,0.552,0.7,0.552,0.0848,0.0136,0.0848,0.0136,1.422611954660709,0.9327673599949812,-0.04441569257536687,-0.2713401779245586,0.4274655438162054
0.7216,0.4184,0.7216,0.4184,-0.2152,0.6648,-0.2152,0.6648,0.5977729592551266,0.7068006591823892,-2.5249317104632736,0.6651992017796685,1.0649813364758987
0.6424,0.4816,0.6424,0.4816,-0.1112,0.4608,-0.1112,0.4608,1.0907757426400708,1.0132719663647025,-1.9059529294188589,0.39560935620150284,-0.13684321066860966
0.672,0.6472,0.672,0.6472,-0.0216,0.0664,-0.0216,0.0664,1.0551780196311897,0.914169786123814,-0.3035923324901684,0.14725049909272864,-0.13493285690279325
0.6096,0.5632,0.6096,0.5632,0.0632,0.3568,0.0632,0.3568,0.8794061668345785,1.2688960185882705,-1.5030375437801975,-0.3024286994179323,-1.283676865025019
0.6352,0.5104,0.6352,0.5104,0.2104,-0.2952,0.2104,-0.2952,1.3963625031554363,0.9657507875817299,1.325679047376851,-0.8955782637879065,-1.6915670433313867
0.7048,0.828,0.7048,0.828,-0.0184,-0.172,-0.0184,-0.172,0.4143943746505233,0.8928035056082423,0.526776458154937,0.007138538592433145,-0.6001464118803143
0.6296,0.7512,0.6296,0.7512,-0.0424,0.164,-0.0424,0.164,0.6800374336527086,1.1755975193911534,-0.6012371318088536,0.1683608687691405,0.8061180698064989
0.5544,0.2744,0.5544,0.2744,0.3808,0.6992,0.3808,0.6992,0.6516892149095156,0.9577824915137971,-2.915692985528289,-1.558421872689902,0.632547450690441
0.8112,0.6904,0.8112,0.6904,0.132,-0.1648,0.132,-0.1648,0.8745600112266574,0.4497480729418831,0.510029202550012,-0.3939385578570227,1.1966471812244828
0.7496,0.5784,0.7496,0.5784,0.052,-0.3,0.052,-0.3,1.0096482972090242,0.7503099934361566,1.2270377055364303,-0.018647615611064917,1.046017294723376
0.7392,0.7088,0.7392,0.7088,-0.1104,-0.0784,-0.1104,-0.0784,0.9245396150820483,0.6596009463950734,0.2588025545508786,0.253658076854376,1.80328369535458
0.7016,0.612,0.7016,0.612,0.2472,0.1216,0.2472,0.1216,1.1732127299806505,0.7863469477250539,-0.4204883310180662,-0.7701875842654056,-1.6919545603702841
0.512,0.484,0.512,0.484,-0.052,0.204,-0.052,0.204,1.719170365219488,1.6849310301706095,-0.957211105951585,0.3775746443772082,-0.4158138564976305
0.748,0.4888,0.748,0.4888,0.4088,0.3176,0.4088,0.3176,1.4763835257657223,0.4973011917811917,-1.3912138321707987,-1.2725835335761073,-2.121866966491271
0.788,0.6408,0.788,0.6408,-0.2576,0.3952,-0.2576,0.3952,0.7986648041566163,0.4418707313931378,-1.3299405488883473,0.8289799183905104,-0.8786792908289991
0.5856,0.62,0.5856,0.62,-0.1384,0.0384,-0.1384,0.0384,1.2644331366548633,1.4145357183586145,0.0034321018002384665,0.44446453639724387,0.03324964309342569
0.6464,0.512,0.6464,0.512,-0.044,-0.012,-0.044,-0.012,1.7250970797496448,1.1259324673930515,0.1582749685209664,0.2904451043144498,1.4179534888235823
0.5952,0.5464,0.5952,0.5464,0.3616,-0.1416,0.3616,-0.1416,1.4098406665183632,0.8839297720466773,0.5698359916660457,-1.4151247442030506,2.44220753325084
0.8368,0.7232,0.8368,0.7232,-0.1872,-0.5504,-0.1872,-0.5504,0.22687919995045447,0.43887789470030203,1.5801061913860772,0.3266842550619406,-0.07254315562332739
0.7416,0.7688,0.7416,0.7688,-0.092,-0.02,-0.092,-0.02,0.6580591731181961,0.7831903678784755,0.06774400691933817,0.205575686808912,2.252244219685722
0.4672,0.4416,0.4672,0.4416,0.196,-0.1144,0.196,-0.1144,2.011005857332851,1.7168141673997868,0.5350774653161502,-0.8887676048160288,1.0961288819587236
0.648,0.4728,0.648,0.4728,-0.1776,0.3744,-0.1776,0.3744,1.310733075181987,1.0645704966837155,-1.5926609438228247,0.5808200792904081,0.5619243724988655
0.5512,0.4688,0.5512,0.4688,-0.0008,0.1152,-0.0008,0.1152,1.6821524765247846,1.456473950942304,-0.6761167178860805,0.08617908767813288,0.7440044321620062
0.4496,0.7656,0.4496,0.7656,0.3088,-0.1552,0.3088,-0.1552,0.6376495180865421,1.5828275178764124,0.5011416343756958,-1.6535513700740605,-0.7590728202620445
0.6712,0.7072,0.6712,0.7072,0.0424,-0.3344,0.0424,-0.3344,0.6406701990953763,0.9383069705351215,1.0404778715179253,-0.2735092820042809,-1.0432180977894006
0.5792,0.5032,0.5792,0.5032,-0.1392,0.0136,-0.1392,0.0136,1.8305788153664952,1.366967914954516,-0.09013305721267363,0.4515099261023686,0.012230081649000656
0.3984,0.5096,0.3984,0.5096,0.2888,-0.0096,0.2888,-0.0096,1.8384736968744235,1.7778329297771123,0.05352510247168506,-1.327799082717694,0.6865120205343643
0.588,0.6088,0.588,0.6088,0.4552,-0.1304,0.4552,-0.1304,1.1575966838316833,0.6803816609072464,0.5712972730030903,-1.669646469542648,0.6306997163452404
0.7608,0.6872,0.7608,0.6872,-0.4888,-0.3568,-0.4888,-0.3568,0.7359683174561545,0.27508347585427384,1.2234328959701573,1.4464786334102715,0.6205350468629377
0.5608,0.7632,0.5608,0.7632,-0.108,0.0152,-0.108,0.0152,0.6438564331577077,1.3998295871029884,-0.1150079634450909,0.4886121341098758,-0.3799262733799389
0.9336,0.9448,0.9336,0.9448,-0.0592,-0.3336,-0.0592,-0.3336,-0.14389728339103391,0.17335364034020062,0.8249245087149101,0.20523913010983183,0.3551234691107749
0.656,0.6504,0.656,0.6504,-0.0816,-0.0488,-0.0816,-0.0488,1.0413305515035167,1.13268015800594,0.16125876297761738,0.3243295248071268,0.5552989631713965
0.6344,0.5536,0.6344,0.5536,0.3184,-0.212,0.3184,-0.212,1.3696170039989153,0.9119725386167883,0.9453630837736929,-1.1666217597631519,-0.26979454054355734
0.4832,0.7216,0.4832,0.7216,0.688,0.4136,0.688,0.4136,0.5019666520047368,0.4433433220306505,-1.388768339608325,-2.4214093982250553,-1.0647112908078649
0.6272,0.7296,0.6272,0.7296,0.2992,-0.2192,0.2992,-0.2192,0.7563954288623248,0.9241497997374734,0.7650067093109564,-1.1896880775056318,2.3943153105418755
0.7224,0.5136,0.7224,0.5136,-0.0808,-0.3728,-0.0808,-0.3728,1.1565157114320572,0.7892373728806124,1.5689790692263517,0.27105160729999156,0.37506352186450015
0.8904,0.568,0.8904,0.568,-0.0248,-0.0248,-0.0248,-0.0248,1.3718238186893275,0.32069476383438866,0.13285507674597533,0.062027377841893536,-1.234786310168491
0.4864,0.4768,0.4864,0.4768,0.2632,0.2136,0.2632,0.2136,1.5481513596430787,1.5293567640449832,-1.0406011417088032,-1.200920647457131,1.3100686876979022
0.576,0.7792,0.576,0.7792,-0.2376,-0.2208,-0.2376,-0.2208,0.6010438716578421,1.1003035537942718,0.6817758350152,0.8920749605446847,0.6321915061543438
0.8064,0.6672,0.8064,0.6672,-0.196,0.6128,-0.196,0.6128,0.17297272423917598,0.4980855410446047,-1.9208293417081197,0.5515097798085176,-1.437205689774061
0.528,0.9144,0.528,0.9144,0.1848,-0.0472,0.1848,-0.0472,0.24190767870148577,1.4195241471538558,0.16718803153563477,-0.8116066378009281,0.005284732012155983
0.5912,0.6688,0.5912,0.6688,-0.2912,0.6272,-0.2912,0.6272,0.1581792545503028,1.2204731212886,-1.9329693459749993,1.0862230994316346,-0.8193008839437703
0.9912,0.4616,0.9912,0.4616,0.0264,0.2264,0.0264,0.2264,1.6264777556867607,0.017509829958691214,-1.1506290748234482,-0.023589539299389554,0.8224462181983044
0.6752,0.2296,0.6752,0.2296,0.3008,-0.4296,0.3008,-0.4296,1.7418714122260788,0.8133169097653239,2.876962263129864,-0.9976391427270732,1.6305009671998272
0.4888,0.6248,0.4888,0.6248,-0.356,-0.3128,-0.356,-0.3128,0.8593886660853891,1.2062034177678647,1.1700091242298643,1.5906555157105864,-0.8076885270192546
0.6368,0.6232,0.6368,0.6232,-0.2128,-0.224,-0.2128,-0.224,1.0487167262400678,1.0857267724115183,0.8623939583612321,0.7206996388971921,-0.34698012186416294
0.6888,0.8952,0.6888,0.8952,-0.04,-0.3112,-0.04,-0.3112,0.15527172497001207,0.947609535729266,0.8094093320437202,0.14740904148799186,0.6095296630861141
0.6896,0.764,0.6896,0.764,-0.1016,-0.0632,-0.1016,-0.0632,0.6899812741365813,0.8948410475944258,0.2657392078920035,0.38062190861497885,0.6727960252484345
0.5432,0.7896,0.5432,0.7896,-0.0632,0.22,-0.0632,0.22,0.5097241658040703,1.4589239309953588,-0.7909540071806347,0.22761989443981356,0.09930728459825773
0.8504,0.2696,0.8504,0.2696,-0.4872,0.3096,-0.4872,0.3096,2.183818007827271,-0.1954168932164344,-2.1860755329598796,1.32923074023291,-0.29441352006058363
0.5408,0.5376,0.5408,0.5376,0.2768,-0.3944,0.2768,-0.3944,0.9973803354483705,1.303859218519017,1.6104632493107731,-1.1239566052833758,-1.255719670682659
0.7088,0.7768,0.7088,0.7768,0.1648,-0.0144,0.1648,-0.0144,0.5928508007215739,0.8236121626903372,-0.014444739557716609,-0.5897046744379717,-0.18649261571116216
0.6144,0.3456,0.6144,0.3456,-0.2512,-0.5848,-0.2512,-0.5848,0.9024131583916981,1.0078012227099729,2.6475392204378427,0.9465467581593001,0.6814235326068483
0.576,0.5904,0.576,0.5904,-0.3456,0.164,-0.3456,0.164,1.1482395416963005,1.0210650616099322,-0.8060633283630587,1.39877392318783,-0.6083284922410306
0.44,0.7048,0.44,0.7048,0.3776,-0.1312,0.3776,-0.1312,0.807473104564612,1.2822073989041556,0.4248815588903907,-1.711519586678967,-0.17570389270832848
0.7096,0.5528,0.7096,0.5528,0.476,-0.1736,0.476,-0.1736,1.3228602369902573,0.4554273789204418,0.8425093053328341,-1.5361027220744963,-2.6439084348294037
0.6048,0.7432,0.6048,0.7432,-0.304,0.1688,-0.304,0.1688,0.6447348524753589,0.970645225732095,-0.6577066470241468,1.1725048135871339,0.17237350289398384
0.3736,0.5848,0.3736,0.5848,-0.2696,0.0736,-0.2696,0.0736,1.3192055242047538,1.8083431716067593,-0.35969455217517726,1.6719912467542746,-0.002238193668993901
0.6064,0.5696,0.6064,0.5696,-0.0504,0.2304,-0.0504,0.2304,1.1680745706651454,1.2247687461267975,-0.8381420880353588,0.2819413234622765,0.3032217692571454
0.7576,0.8184,0.7576,0.8184,0.072,-0.42,0.072,-0.42,0.17270254811796737,0.7470671534303623,1.177312933475826,-0.23420500857034593,0.9025358265781183
0.7368,0.6568,0.7368,0.6568,-0.5504,0.0856,-0.5504,0.0856,0.983169107764737,0.18366124934519856,-0.4037699598838943,1.5709234317116285,-0.15003196858782644
0.4472,0.5824,0.4472,0.5824,-0.052,0.0592,-0.052,0.0592,1.345419671352775,1.9775892254234826,-0.31013694178222084,0.2933378919712945,1.6437672543158237
0.6056,0.8472,0.6056,0.8472,0.1192,0.4416,0.1192,0.4416,0.09864233187364668,1.1201646042888294,-1.217804994147303,-0.531552383556689,0.8239243887165237
0.696,0.7592,0.696,0.7592,0.0616,-0.1,0.0616,-0.1,0.6306080600735101,0.9390012518260399,0.39409764077301657,-0.35986869504433866,0.14652419048302703
0.788,0.3744,0.788,0.3744,-0.3352,-0.5152,-0.3352,-0.5152,1.261122611411002,0.5204452599387275,2.485238514440644,0.9064817812893434,-0.1846551429322838
0.6648,0.2424,0.6648,0.2424,0.1048,-0.6648,0.1048,-0.6648,0.8382856408712369,1.0125775631999334,2.943870985791423,-0.4980613843478207,-0.60041966865843
0.74,0.5896,0.74,0.5896,-0.1032,0.0696,-0.1032,0.0696,1.3441761520365392,0.7042878599457849,-0.3172408845388781,0.37737761931042774,0.24756894065247442
0.2656,0.6192,0.2656,0.6192,-0.4816,-0.2528,-0.4816,-0.2528,0.9313641295038827,1.4821190823247525,0.935622384206643,2.7279974770982,-0.03475463777753444
0.6312,0.744,0.6312,0.744,-0.0232,0.012,-0.0232,0.012,0.7292921095459661,1.0214798199887354,-0.18574635299139347,0.2078307800769751,-0.3103509254071804
0.7936,0.6848,0.7936,0.6848,-0.0216,-0.1688,-0.0216,-0.1688,0.9012419384588954,0.5375622756310614,0.6337399357670017,0.01921095866109504,-0.7518784010659266
0.5864,0.728,0.5864,0.728,0.104,-0.1752,0.104,-0.1752,0.697050921845454,1.3313146874219213,0.5920197090618641,-0.4300109618045296,0.5888503201586106
0.752,0.7096,0.752,0.7096,-0.104,0.3936,-0.104,0.3936,0.5122745989186863,0.6934685739784108,-1.2478886299353449,0.41592403473474104,0.3847435348301409
0.7472,0.6168,0.7472,0.6168,-0.1704,0.1344,-0.1704,0.1344,1.1539646106219816,0.6568445882318463,-0.5440831557788961,0.45181471144334906,-1.500174948734363
0.724,0.72,0.724,0.72,-0.4936,0.1968,-0.4936,0.1968,0.6789983777733897,0.43101619220270493,-0.6512810080813325,1.5411328252826741,-1.6600204989889964
0.8712,0.7872,0.8712,0.7872,0.2344,0.1512,0.2344,0.1512,0.6207498682827799,0.29446933874452075,-0.49241289225796436,-0.717184590473835,0.4721721445597268
0.5776,0.7192,0.5776,0.7192,-0.232,0.1288,-0.232,0.1288,0.8245643390798227,1.180186169238197,-0.4574167194332873,0.8656027112432144,-0.11617511512099869
0.4984,0.4264,0.4984,0.4264,0.1424,0.596,0.1424,0.596,0.7908674489061366,1.5674923505667449,-2.347038714220982,-0.8589875513118546,0.20422028904202788
0.4424,0.6672,0.4424,0.6672,0.4,-0.2144,0.4,-0.2144,0.8928902782494453,1.4244055994467142,0.8056314801382628,-1.8867509842144186,-0.3485569363034053
0.484,0.6424,0.484,0.6424,-0.3704,0.0288,-0.3704,0.0288,1.0442191665986453,1.243755178858604,-0.03537749438054399,1.7934559559729475,1.2366689037333727
0.8472,0.6256,0.8472,0.6256,-0.1016,0.128,-0.1016,0.128,1.2414872457878103,0.3841876179740765,-0.407542496969674,0.3544422513845885,0.7596008677757877
0.7152,0.5744,0.7152,0.5744,-0.616,-0.22,-0.616,-0.22,1.2737389103956258,0.17806331540954778,0.8649918421239312,1.7827672883849812,-0.6120354749157467
0.54,0.444,0.54,0.444,-0.1944,-0.5024,-0.1944,-0.5024,1.0732801082575658,1.5456177485900537,2.1305392836443025,0.8969398475541459,-0.7795112076117746
0.764,0.9816,0.764,0.9816,0.0608,0.1872,0.0608,0.1872,-0.161157867527846,0.6966376849806328,-0.4436766044997302,-0.20704346720264302,0.2725960968540409
0.7088,0.7696,0.7088,0.7696,0.308,-0.2544,0.308,-0.2544,0.5732287667883298,0.6656224206044746,0.866952834897896,-1.0097837078203002,-0.5110079332345234
0.7296,0.6856,0.7296,0.6856,0.1552,-0.3712,0.1552,-0.3712,0.640321459053638,0.7832146748878681,1.1996717648313604,-0.5056936909844026,-0.005299815292780644
0.8448,0.532,0.8448,0.532,0.4256,-0.176,0.4256,-0.176,1.4093920706818346,0.19752526407836857,0.7140570874659184,-1.1235066474341417,1.5358013908219794
0.9456,0.6872,0.9456,0.6872,0.0064,-0.2032,0.0064,-0.2032,0.916757023110276,0.11478254370407015,0.8136242383305867,0.026229846909246023,0.20558229145395104
0.5792,0.712,0.5792,0.712,0.1408,0.112,0.1408,0.112,0.8607396209285036,1.1633516157612982,-0.39131468339722264,-0.5369187759976403,1.4986678595097538
0.5592,0.6176,0.5592,0.6176,-0.1584,-0.26,-0.1584,-0.26,0.9725174388117755,1.3043324548318422,0.9606744745993939,0.7367199596515818,-0.08158434489699974
0.4792,0.3936,0.4792,0.3936,-0.0832,-0.4096,-0.0832,-0.4096,1.3892501199796479,1.7848565493854958,2.0778847292757927,0.3860062607902465,1.348833118402472
0.6464,0.8232,0.6464,0.8232,-0.2768,-0.184,-0.2768,-0.184,0.47247431612856716,0.8326997963256525,0.5100662835713209,1.1108448333421472,-0.3027079443327008
0.7128,0.6736,0.7128,0.6736,-0.3336,0.6464,-0.3336,0.6464,0.23075157098629984,0.6113415531415753,-1.9518640781801886,1.083739067026769,0.3676298181818146
0.812,0.5024,0.812,0.5024,-0.1624,0.124,-0.1624,0.124,1.6984526224947862,0.4559706095075017,-0.6030007170885404,0.5207798199907965,-1.5325825002643498
0.6104,0.5208,0.6104,0.5208,0.0128,-0.3136,0.0128,-0.3136,1.211219501628827,1.168570329559627,1.2912706505866052,-0.05608168905109761,1.0543755677792679
0.5864,0.6384,0.5864,0.6384,-0.0896,-0.3056,-0.0896,-0.3056,0.9332845734896335,1.3454296922888616,1.083408868687263,0.24563554967421333,1.2120837350433127
0.5544,0.5608,0.5544,0.5608,-0.332,0.0976,-0.332,0.0976,1.4144688501830733,1.084296919798655,-0.4456084415183584,1.2157269182586192,-0.9409012479541613
0.5848,0.9296,0.5848,0.9296,-0.1248,-0.1944,-0.1248,-0.1944,0.1588435599919601,1.1867151609571867,0.5578742802942831,0.552697510252129,0.2598333596622463
0.58,0.7168,0.58,0.7168,-0.1008,-0.4656,-0.1008,-0.4656,0.38460138648651065,1.2938326799883682,1.4615283369683791,0.4215445168573222,-1.1853952414130635
0.5088,0.5304,0.5088,0.5304,0.0496,0.2064,0.0496,0.2064,1.3152150203819348,1.6960271855568827,-0.8966207968020128,-0.34075993238037167,0.8275469676020654
0.5512,0.732,0.5512,0.732,-0.2304,0.0336,-0.2304,0.0336,0.7366565614455163,1.3075442102189263,-0.1269590640751888,0.89772012461124,0.8022832828923823
0.4976,0.4096,0.4976,0.4096,-0.2688,0.372,-0.2688,0.372,1.5906541716650398,1.6261798580574869,-1.86698364435718,1.280925587349534,0.9881772225593541
0.5704,0.8384,0.5704,0.8384,-0.2992,0.276,-0.2992,0.276,0.2950396622415741,1.1526874348916492,-0.764639115908457,1.0745045566523104,-2.2129411240901273
0.6608,0.5224,0.6608,0.5224,0.3312,0.0024,0.3312,0.0024,1.6362625246382652,0.7528457754798159,0.03324701021231256,-1.151207134253913,1.3411293883467184
0.5472,0.5288,0.5472,0.5288,0.4392,0.4328,0.4392,0.4328,0.9647016006924551,0.9378671300293581,-1.6529192095170253,-1.6665361759741146,0.8414250672242006
0.404,0.6744,0.404,0.6744,0.5224,0.108,0.5224,0.108,0.9383805117699963,1.1538428030012757,-0.40782957026096184,-2.268926608391036,-0.7604463594339043
0.5912,0.4664,0.5912,0.4664,0.2552,-0.3552,0.2552,-0.3552,1.3352118708466554,1.0513675681374766,1.6393461088659953,-1.016727079517498,0.7631899579531196
0.5704,0.448,0.5704,0.448,0.1488,-0.052,0.1488,-0.052,1.9122411676766864,1.338101650657867,0.359894995795758,-0.5023464151090976,0.0030071421865951477
0.5272,0.4472,0.5272,0.4472,-0.1216,0.0352,-0.1216,0.0352,1.8475642365315745,1.5050332495579388,-0.30974547585382556,0.5944158154827589,0.5835734776392643
0.668,0.4648,0.668,0.4648,0.4312,0.1824,0.4312,0.1824,1.538481904140848,0.5988853736129542,-1.0109180090446193,-1.486078028141583,1.777592468733677
0.6072,0.6016,0.6072,0.6016,-0.1704,-0.0528,-0.1704,-0.0528,1.2672127325272395,1.1433286120158264,0.21522112907827579,0.7625752851996473,0.07781566728178584
0.7648,0.7832,0.7648,0.7832,0.2408,-0.0144,0.2408,-0.0144,0.6453493328321647,0.5398310571105184,0.043939638133451475,-0.7867752217695613,1.818791330730428
0.7832,0.588,0.7832,0.588,-0.1592,-0.0864,-0.1592,-0.0864,1.3416646894608812,0.5876968503875838,0.39603055920755414,0.4255132904319506,-0.37303356544769833
0.5224,0.6056,0.5224,0.6056,-0.2568,-0.0232,-0.2568,-0.0232,1.286138473093513,1.3911816443300369,0.245858844300194,1.0924212115194647,1.9185509918156223
0.6208,0.4688,0.6208,0.4688,0.2192,0.1016,0.2192,0.1016,1.7650521915043358,1.0431189470451756,-0.5011311825699942,-0.9035017817137732,-1.47386508513064
0.4752,0.6128,0.4752,0.6128,-0.2304,0.0496,-0.2304,0.0496,1.3102684855400408,1.6224217900083517,-0.31244106572836605,1.116361367331583,-1.6899762880936011
0.8904,0.6512,0.8904,0.6512,0.1416,-0.1384,0.1416,-0.1384,1.1054427907814155,0.2658146464903425,0.363470666777333,-0.4676951374426993,-0.998823579246232
0.5496,0.5456,0.5496,0.5456,0.0504,0.0328,0.0504,0.0328,1.5133798379809513,1.462061057866868,-0.05483139458707383,-0.29705508342164,0.30144437706950417
0.9,0.9104,0.9,0.9104,-0.1104,-0.3616,-0.1104,-0.3616,-0.024737700183939726,0.23180642824913333,0.9570226911217415,0.30842122572193365,-0.4953499883342916
0.6792,0.7856,0.6792,0.7856,0.0312,0.2704,0.0312,0.2704,0.40186745806586044,0.9609137568354675,-0.8109711847219068,-0.17850351230171335,1.1697963132955318
0.3336,0.9536,0.3336,0.9536,0.1464,-0.1552,0.1464,-0.1552,0.111561139171373,2.3418169718904025,0.34223122460874467,-1.1315769635598958,0.9449272236145536
0.6568,0.684,0.6568,0.684,-0.316,-0.0784,-0.316,-0.0784,0.8735763991901129,0.778010449473385,0.28301628805126766,1.185043709893089,-0.2007516054420086
0.6664,0.692,0.6664,0.692,0.296,-0.2224,0.296,-0.2224,0.746985636154545,0.7803040857629325,0.7264493534679866,-1.0736977103447782,1.047162313100939
0.3576,0.5616,0.3576,0.5616,-0.6424,0.0016,-0.6424,0.0016,1.4675960389154052,0.7921639090600722,-0.09994163153394126,2.6603361711472293,-0.8797764553760593
0.5456,0.6536,0.5456,0.6536,-0.2584,-0.2656,-0.2584,-0.2656,1.0031837837788704,1.2617404763389768,1.0433795475881025,0.9631672989217784,1.2121579482584357
0.6512,0.5872,0.6512,0.5872,-0.068,-0.1608,-0.068,-0.1608,1.1835573956913141,1.017290353758459,0.5232372643311558,0.1573242518787924,2.3898675922622825
0.716,0.4784,0.716,0.4784,0.0488,-0.0792,0.0488,-0.0792,1.7917904078930096,0.8508217946704963,0.39609609664202267,-0.20198072984438062,-1.4013937269420524
0.6784,0.628,0.6784,0.628,0.0688,-0.0448,0.0688,-0.0448,1.1958502359598724,0.942477468855693,0.14438471294139685,-0.40410015500687746,0.22161101633729424
0.4232,0.672,0.4232,0.672,-0.3456,-0.1872,-0.3456,-0.1872,0.9102220202422164,1.550064936674708,0.57942286641258,1.7104359612431188,0.6580860593469396
0.7344,0.5728,0.7344,0.5728,-0.0672,0.044,-0.0672,0.044,1.418512405484773,0.7485751024656453,-0.08386882619975355,0.10832822011752602,1.0883324047983518
0.6792,0.556,0.6792,0.556,-0.0544,-0.3136,-0.0544,-0.3136,1.1199282442826544,0.941701576176486,1.2772994690144117,0.27151142426539626,0.7156131361192646
0.7816,0.5416,0.7816,0.5416,-0.24,-0.0208,-0.24,-0.0208,1.4895137333583646,0.5611540087646378,0.17026801429811372,0.7296287544404892,1.2676833185523444
0.704,0.5512,0.704,0.5512,0.4536,-0.0424,0.4536,-0.0424,1.4995743364439935,0.5081174321697883,0.13678295536190718,-1.461914899245902,0.33037329574273344
0.4208,0.5944,0.4208,0.5944,0.0504,-0.128,0.0504,-0.128,1.2359986863092582,2.0010518457076216,0.4640250296082382,-0.4112285753134448,-0.6706927575945593
0.5984,0.5928,0.5984,0.5928,0.1848,0.0944,0.1848,0.0944,1.2306566927174432,1.0754844713178795,-0.3585465156874875,-0.7193039800903028,0.2890419945909084
0.6344,0.3968,0.6344,0.3968,-0.104,-0.0928,-0.104,-0.0928,2.388495151617856,1.1969898631452445,0.6528028176528294,0.4462108365603301,-0.13716669306547583
0.7136,0.52,0.7136,0.52,0.1024,-0.1744,0.1024,-0.1744,1.4852718913339773,0.8207496575118691,0.7719621374116739,-0.26958256608725195,-0.211381229506177
0.356,0.6864,0.356,0.6864,-0.3568,-0.284,-0.3568,-0.284,0.6304979626590392,1.7275778445146326,0.9384832353550633,1.908049982941955,-0.44571073061751715
0.7168,0.7616,0.7168,0.7616,-0.092,0.052,-0.092,0.052,0.6740944270380502,0.8533186599809701,-0.24713870758520576,0.22127789208224916,1.9965388491726683
0.7224,0.8432,0.7224,0.8432,-0.0312,0.0344,-0.0312,0.0344,0.4730580429539438,0.8555381460251499,-0.04506039336718342,0.17270018990434408,0.05582921549019384
0.736,0.628,0.736,0.628,0.2008,0.2792,0.2008,0.2792,0.9074900941110744,0.5950596899525318,-1.0931858257746379,-0.638514333231704,-0.002703486191747391
0.5128,0.8544,0.5128,0.8544,-0.6304,0.1808,-0.6304,0.1808,0.35235622248979126,0.481800558323629,-0.5121383240614884,2.2333614668641006,-0.8761664392355392
0.7552,0.68,0.7552,0.68,-0.1856,-0.1576,-0.1856,-0.1576,0.8462632304515239,0.6656524938317121,0.6222543372153714,0.5606757344737183,1.0345899437177177
0.852,0.7696,0.852,0.7696,-0.0176,0.1968,-0.0176,0.1968,0.5907895172815031,0.38285768635778883,-0.6378932052541435,0.026641116587920642,0.04961619747196949
0.6008,0.5688,0.6008,0.5688,-0.1256,0.1416,-0.1256,0.1416,1.4078239462595807,1.296972265712109,-0.5042144642562079,0.4449478474715656,0.17723558673575182
0.9976,0.5912,0.9976,0.5912,0.0224,0.0864,0.0224,0.0864,1.3050506363773222,0.0103726417301232,-0.5116012201396009,-0.03263479469555198,0.2041617160009529
0.4064,0.524,0.4064,0.524,-0.4392,0.132,-0.4392,0.132,1.5223981791948777,1.3579122264227403,-0.40588070407813737,2.170591868987039,-0.9458781115675456
0.6304,0.8944,0.6304,0.8944,0.1864,-0.1528,0.1864,-0.1528,0.199667872464537,0.8759198792950611,0.4957987561329608,-0.7531783378885796,1.2411122399882961
0.612,0.544,0.612,0.544,0.1528,0.1288,0.1528,0.1288,1.3978213755342637,1.179553073997996,-0.5393966840361105,-0.5956190396327959,0.3505606188808968
0.5008,0.8296,0.5008,0.8296,-0.1616,-0.1272,-0.1616,-0.1272,0.46704750328772526,1.62948058621311,0.30691149648342325,0.7273552168015452,1.2270109384741996
0.488,0.5216,0.488,0.5216,0.0328,0.1888,0.0328,0.1888,1.393098464637374,1.8838514061690481,-0.6104635895581627,-0.055029119745912375,-1.6556085297207335
0.664,0.4544,0.664,0.4544,-0.2024,-0.14,-0.2024,-0.14,1.9646969751799421,1.000890238328828,0.9746360030591644,0.8526193418355525,0.10073626735485124
0.428,0.5976,0.428,0.5976,0.484,-0.284,0.484,-0.284,0.9412493628577143,1.077628868093536,1.078037132433519,-2.136468409124632,-0.12802483574806356
0.568,0.904,0.568,0.904,0.1944,-0.0872,0.1944,-0.0872,0.2648087885767777,1.3238609161745725,0.14345698602531634,-0.7704399177981207,-0.8253702826975322
0.628,0.7912,0.628,0.7912,0.104,0.436,0.104,0.436,0.2426991574641746,1.0680011018994089,-1.274970250400299,-0.4378220161994038,0.1973049083966178
0.5,0.6656,0.5,0.6656,-0.3416,-0.2256,-0.3416,-0.2256,0.9158195195670202,1.1993324708351494,0.9507208038074975,1.5791090811642823,-0.7091251934271122
0.776,0.52,0.776,0.52,-0.0512,0.3208,-0.0512,0.3208,1.218829264647253,0.7424348512292634,-1.402320539280976,0.08689942391066612,-1.9341969463128894
0.5784,0.5232,0.5784,0.5232,0.3376,-0.1696,0.3376,-0.1696,1.540923459327573,0.9705167945842949,0.6468233976855517,-1.2990449447470231,0.2047054960468554
0.5664,0.3408,0.5664,0.3408,-0.1368,0.332,-0.1368,0.332,1.946772067653551,1.3424662837578931,-2.0967877440132154,0.5124432670811637,-0.6777981195413798
0.6744,0.4504,0.6744,0.4504,0.0136,-0.1824,0.0136,-0.1824,1.7807093930922058,1.0591477336101183,0.8323893360647627,0.024763004029702725,0.33424905114151615
0.6192,0.6912,0.6192,0.6912,0.0008,-0.0216,0.0008,-0.0216,0.8644794818372484,1.1812731874023439,0.17224176224908466,-0.14970419158039236,0.4142747083640884
0.7424,0.6472,0.7424,0.6472,0.056,-0.2928,0.056,-0.2928,0.8157670478027329,0.7051448786812933,1.037316399334192,-0.12322854656592727,-1.1929730433885966
0.68,0.644,0.68,0.644,-0.4936,0.1248,-0.4936,0.1248,1.0237057192115813,0.41254889635381353,-0.47241781458450405,1.5774752291474887,-0.796452209288866
0.7816,0.7104,0.7816,0.7104,0.02,0.344,0.02,0.344,0.5708027154838762,0.5345349178745209,-1.150189771107734,-0.09303423995149576,-0.48724211614729
0.5712,0.6208,0.5712,0.6208,-0.5296,0.3392,-0.5296,0.3392,0.8118209633444519,0.6139268372357336,-1.3635901939280097,1.7860165486404558,-0.7716121317904588
0.5864,0.5344,0.5864,0.5344,-0.0192,0.1736,-0.0192,0.1736,1.4355556880920068,1.3615435065597006,-0.6719160301240975,0.1918982150654826,-0.42227808740864425
0.5232,0.6008,0.5232,0.6008,-0.1328,-0.0168,-0.1328,-0.0168,1.18009032187459,1.4975360204612582,0.06936500407066025,0.45025217607572815,-1.5081643725940963
0.508,0.6592,0.508,0.6592,-0.0496,-0.2552,-0.0496,-0.2552,0.9327462083714766,1.728010705182575,0.9273783614111712,0.35721148160756544,-0.23492724721197694
0.6464,0.7472,0.6464,0.7472,0.0376,0.1856,0.0376,0.1856,0.6253110729752552,1.1639515076787212,-0.5590688699078924,-0.10930965060824104,0.28600135515406266
0.6832,0.8592,0.6832,0.8592,0.1712,0.1648,0.1712,0.1648,0.34322529171979843,0.795923766697608,-0.5023305246168076,-0.7651339839722777,-0.7524145485032964
0.8072,0.7832,0.8072,0.7832,0.1296,0.1432,0.1296,0.1432,0.5556540467929869,0.5163010322301659,-0.46286447397209596,-0.39549259442841983,1.1579828231888205
0.5496,0.2352,0.5496,0.2352,-0.3456,-0.5016,-0.3456,-0.5016,1.4010528321715774,1.004731453974167,2.974018687718675,1.439177400250137,-1.2805174728574593
0.6312,0.508,0.6312,0.508,0.3584,0.1176,0.3584,0.1176,1.656233978618466,0.7973631212178168,-0.4855423970620176,-1.3452861619594676,-0.5065705838248297
0.5608,0.544,0.5608,0.544,0.3824,-0.5064,0.3824,-0.5064,0.7794053003095431,0.921971049791352,1.8309943258404644,-1.4724386562559844,1.0501153994603498
0.7216,0.8568,0.7216,0.8568,-0.0808,0.2232,-0.0808,0.2232,0.3309599100158459,0.7580030077924481,-0.6789426740769202,0.2658739170505913,1.3772484471736464
0.7648,0.6424,0.7648,0.6424,0.1272,0.2968,0.1272,0.2968,0.7465493288613474,0.6695164452777389,-1.2036502779241858,-0.3431716426069146,0.10573203167679164
0.6072,0.4832,0.6072,0.4832,0.4672,-0.54,0.4672,-0.54,0.808100367368356,0.6021436469834294,2.1260579747516974,-1.6741323791960956,0.7401569551291275
0.5816,0.756,0.5816,0.756,0.0824,-0.2096,0.0824,-0.2096,0.6495442455427849,1.332506787322374,0.6567222279687918,-0.34957248992343654,-1.2824888475280056
0.5824,0.7928,0.5824,0.7928,0.0288,-0.2664,0.0288,-0.2664,0.509192894912323,1.3142317036736755,0.7560564669381507,-0.2648520288787821,-0.33504315555970976
0.664,0.8168,0.664,0.8168,0.4336,0.0256,0.4336,0.0256,0.4857100974666172,0.5413516787369603,-0.006588528048391679,-1.3959783011674052,-0.854495995374624
0.5528,0.7984,0.5528,0.7984,-0.8136,0.3536,-0.8136,0.3536,0.2699811380320789,-0.38992418234898363,-1.0150637323558294,2.409988971629906,0.22071615519890753
0.7144,0.9296,0.7144,0.9296,0.0016,-0.2384,0.0016,-0.2384,0.06308319318526323,0.7250857808766557,0.6374975305357788,-0.08970774315064219,1.5314139150104362
0.784,0.6456,0.784,0.6456,-0.0656,-0.1168,-0.0656,-0.1168,0.9832896657808982,0.6124518811849794,0.40821633954014375,0.35846739846008563,0.5270667214172046
0.6288,0.7872,0.6288,0.7872,0.0224,-0.2408,0.0224,-0.2408,0.4582894529157281,1.196159298127388,0.8024344209977315,-0.07072258925230324,1.3140414011553159
0.552,0.6672,0.552,0.6672,0.1512,0.1568,0.1512,0.1568,0.9968278692888517,1.3877160030879894,-0.43363729568141335,-0.5269565009502976,-0.8571654447244335
0.7656,0.3688,0.7656,0.3688,-0.2056,0.3072,-0.2056,0.3072,1.8190678364866015,0.5588763019669416,-1.6884158421960154,0.6534020906325105,0.507514116723859
0.6584,0.6736,0.6584,0.6736,0.2928,-0.008,0.2928,-0.008,0.9943979270999395,0.8147870434915268,0.06151873495743513,-0.8521769515277264,-1.010740903274899
0.672,0.36,0.672,0.36,0.0176,0.6128,0.0176,0.6128,0.981888264694208,1.034825949575671,-2.603632817986951,-0.11716649598124251,0.3610329637347318
0.7656,0.6424,0.7656,0.6424,-0.0928,-0.2432,-0.0928,-0.2432,0.8992753249198856,0.6226014514486564,0.8797824012586087,0.36469508177193766,-1.9406237421148667
0.4984,0.5584,0.4984,0.5584,-0.332,0.1168,-0.332,0.1168,1.2614818794345326,1.349189810062153,-0.5375466556303081,1.4281062830431435,-0.8829628654554725
0.4832,0.5528,0.4832,0.5528,-0.0616,0.0416,-0.0616,0.0416,1.4979806424151219,1.7783146474295783,-0.27855857386397126,0.13397001682091988,-0.33802875814109007
0.5848,0.808,0.5848,0.808,0.3584,-0.2832,0.3584,-0.2832,0.3723624079360335,1.0082466603764824,0.8086015583881112,-1.3544599954174408,-0.5279757344442618
0.5472,0.6368,0.5472,0.6368,0.0304,-0.0824,0.0304,-0.0824,1.0937929680327936,1.4243108285441208,0.2891006109113026,0.07072787243485414,0.23514981040810837
0.5496,0.6456,0.5496,0.6456,0.3888,0.0256,0.3888,0.0256,1.0262395656457162,1.0675375887780838,0.006753257564995173,-1.543360445690664,-1.8065481815810365
0.756,0.7504,0.756,0.7504,-0.044,0.2144,-0.044,0.2144,0.6399211927184845,0.7051551552659039,-0.6132091429317356,0.16288192000605764,0.3040686917754313
0.6088,0.7472,0.6088,0.7472,-0.132,-0.2864,-0.132,-0.2864,0.6030630259779642,1.2761849562465042,0.9564159138524152,0.5077634697788749,-0.17404887556512588
0.8848,0.668,0.8848,0.668,-0.4368,-0.1712,-0.4368,-0.1712,0.9319505500784246,-0.06148288631897936,0.5392091429642903,1.178954862825078,-0.451569667535185
0.9752,0.2448,0.9752,0.2448,-0.1736,0.4016,-0.1736,0.4016,1.754293523175861,-0.4180646165983881,-2.623710718080566,0.46793415227379787,1.6079854517971213
0.432,0.2688,0.432,0.2688,0.3576,-0.3248,0.3576,-0.3248,2.2374590408949535,1.4366077164204742,2.2645493358235034,-1.7828949954330617,-0.36145165431857557
0.336,0.6288,0.336,0.6288,-0.3128,0.2784,-0.3128,0.2784,0.9570885495859546,1.7954714452760936,-1.0222085984974891,1.8366902395130391,1.4929596560678702
0.7952,0.548,0.7952,0.548,0.0456,0.2864,0.0456,0.2864,1.1875672396165236,0.4803066558599697,-1.0145308267348774,-0.08960449880669202,1.5443054387849104
0.5576,0.8768,0.5576,0.8768,-0.512,0.2024,-0.512,0.2024,0.24878023753547662,0.7413574779505481,-0.5945759858601454,1.803299737057006,-1.2498438152845366
0.5632,0.5056,0.5632,0.5056,0.1952,0.1648,0.1952,0.1648,1.449370670437751,1.2289941507872002,-0.7383411754605984,-0.8435416856809984,-0.7785603970337645
0.7104,0.7272,0.7104,0.7272,0.1144,0.1112,0.1144,0.1112,0.7478313053037393,0.6968536701108492,-0.22188721362139158,-0.4796969901566375,0.7525342080937399
0.5368,0.5424,0.5368,0.5424,-0.3472,-0.1824,-0.3472,-0.1824,1.4024449083270305,1.2634673001970724,0.9217989985874191,1.3942219947283572,-0.20100017722785207
0.5712,0.56,0.5712,0.56,0.308,0.1392,0.308,0.1392,1.4321706224644373,1.0247040994155494,-0.6871719638526915,-1.186625633513617,1.170862066873111
0.8384,0.7736,0.8384,0.7736,-0.3184,-0.2296,-0.3184,-0.2296,0.5005514092749761,0.22414370975841214,0.7880712088959433,0.9633907650677734,-0.16251525924403315
0.7528,0.48,0.7528,0.48,-0.0824,0.056,-0.0824,0.056,1.7181836244093855,0.7385661085699826,-0.15894824695476661,0.232626106443816,-0.18481728732948557
0.5936,0.576,0.5936,0.576,0.1,-0.2224,0.1,-0.2224,1.1931176174204443,1.4019214215694518,0.9541008752219136,-0.3796281065054812,0.8056031086351978
0.5032,0.4368,0.5032,0.4368,-0.0312,-0.1312,-0.0312,-0.1312,1.9756979068746618,1.7106829353187805,0.6873610492616723,0.12053800094924075,-1.7766017617195986
0.6344,0.9888,0.6344,0.9888,0.0184,0.1928,0.0184,0.1928,-0.007617176173155604,1.1713092590407737,-0.3312064696612192,-0.09840785682020539,2.3720327221183455
0.5736,0.7696,0.5736,0.7696,-0.1248,-0.0688,-0.1248,-0.0688,0.6506378636823289,1.3920193280872224,0.22569982559258242,0.5758780008047863,0.6449494366775587
1.0,0.8512,1.0,0.8512,0.0328,-0.0304,0.0328,-0.0304,0.3825776621613065,-0.03183132310595416,0.2386936302501975,-0.00513880589332642,0.7048833111330817
0.788,0.5736,0.788,0.5736,0.08,-0.4848,0.08,-0.4848,0.6714903984128398,0.5751642414674587,1.739685125414387,-0.09017995660575481,1.6326541147931237
0.5696,0.656,0.5696,0.656,0.2904,0.0472,0.2904,0.0472,0.9748038226722121,1.0482393270220156,-0.18126484759473896,-1.1560175710627025,0.25938935041236655
0.4272,0.4656,0.4272,0.4656,0.2808,-0.444,0.2808,-0.444,1.1794707209546087,1.5667223088686404,1.8991181034550573,-1.5292873298187206,-0.5486723836709729
0.6792,0.7496,0.6792,0.7496,0.1688,0.2088,0.1688,0.2088,0.6508033245951457,0.9406729048982385,-0.70768960244655,-0.5503764882436413,-1.1776537587764342
0.4008,0.4968,0.4008,0.4968,0.396,0.1336,0.396,0.1336,1.652598894807861,1.362339758688176,-0.5339610647909178,-2.132273275974845,-0.4197134214787866
0.5376,0.4808,0.5376,0.4808,-0.0712,-0.2432,-0.0712,-0.2432,1.6592135477534944,1.4695014818739196,1.2264093568302756,0.5043680981547252,0.8178238198285587
0.5424,0.6984,0.5424,0.6984,0.3984,0.2992,0.3984,0.2992,0.7624336938874244,0.8951107508521187,-1.0225035785610648,-1.5883789532255619,-0.48197554717892815
0.5664,0.7192,0.5664,0.7192,-0.348,0.46,-0.348,0.46,0.389835973119789,0.9304530784967624,-1.4333553224299929,1.2970716012142198,-1.0228833949769185
0.7712,0.6704,0.7712,0.6704,0.1408,-0.3056,0.1408,-0.3056,0.7498954892027359,0.5303571848588544,1.075672594917969,-0.49477169776733154,0.5454159944993705
0.456,0.6936,0.456,0.6936,0.24,-0.3056,0.24,-0.3056,0.7506249779257124,1.5557399310077535,0.9623243149257209,-1.091437744412696,0.0376856366938752
0.752,0.8752,0.752,0.8752,0.3328,0.072,0.3328,0.072,0.3639099643989534,0.4759573599904947,-0.17009821478529447,-1.003647737312429,-1.757677000925044
0.5176,0.6104,0.5176,0.6104,0.4464,0.28,0.4464,0.28,0.9485638056999492,1.133959359389127,-1.0387456672810549,-1.8613478155617564,-1.199660069249015
0.8944,0.8376,0.8944,0.8376,0.332,0.5096,0.332,0.5096,0.029404977467650695,0.11637786161237607,-1.3844894048328322,-0.8498166822815598,0.25478725228292526
0.5664,0.5672,0.5664,0.5672,0.0712,-0.196,0.0712,-0.196,1.2481406587451986,1.4898162104707753,0.764963631645315,-0.40958051617889624,0.5821366449704335
0.8736,0.5456,0.8736,0.5456,0.4792,0.1016,0.4792,0.1016,1.3841132391941726,-0.03845199620992079,-0.3844994281678063,-1.1857602921084225,-1.498625459133408
0.6664,0.6336,0.6664,0.6336,-0.1352,0.028,-0.1352,0.028,1.1130102076490027,1.032540052538115,-0.06048818106245249,0.3961392438849269,0.2200675474733369
0.4216,0.6848,0.4216,0.6848,-0.2904,-0.0952,-0.2904,-0.0952,0.8916665625166166,1.7659477335638412,0.39506031997383895,1.560856946291205,0.3306830893982061
0.7552,0.6408,0.7552,0.6408,-0.1952,-0.1552,-0.1952,-0.1552,0.9419600056754731,0.59218601134455,0.6720468507482614,0.6319062824095649,0.6594707035012414
0.5808,0.5016,0.5808,0.5016,-0.052,0.2384,-0.052,0.2384,1.3915684106369464,1.3914402546195546,-0.9560150190122825,0.12404798196952296,-1.0182530523844784
0.8512,0.7584,0.8512,0.7584,0.4432,0.0064,0.4432,0.0064,0.7297179152471245,0.06835485483359971,0.06283567583396836,-1.2840111946548818,0.10752729468532354
0.6688,0.66,0.6688,0.66,0.0064,0.328,0.0064,0.328,0.7471282871126628,1.038282683779404,-1.1845544603198506,-0.03520239813273629,0.3783291818200649
0.7104,0.6968,0.7104,0.6968,0.2512,-0.2104,0.2512,-0.2104,0.8145245096170107,0.7116085532102587,0.7424041132309872,-0.7642031826207045,0.09711825457772086
0.4456,0.6488,0.4456,0.6488,0.188,-0.3928,0.188,-0.3928,0.6755725994777209,1.9578626213281165,1.2666379160313046,-0.8900388863816913,-0.5468257466859042
1.0,0.6704,1.0,0.6704,-0.0144,0.0576,-0.0144,0.0576,0.9722885204336462,-0.07861816017748824,-0.1459149125190503,-0.00253260503347706,0.10191950262193099
0.5552,0.4576,0.5552,0.4576,-0.0992,0.5136,-0.0992,0.5136,0.9625132395897021,1.3865784414814886,-2.21646219828683,0.2901988094083083,0.29347578302850214
0.772,0.4352,0.772,0.4352,0.4576,0.1472,0.4576,0.1472,2.0123033031964237,0.25586407170966974,-0.6624312100782775,-1.3193683195512071,1.4101451711944213
0.592,0.9528,0.592,0.9528,-0.308,-0.0248,-0.308,-0.0248,0.12650155214474335,1.0374502325555723,0.023205094573308372,1.1820926967827632,-0.9825494990606898
0.5096,0.8072,0.5096,0.8072,0.1096,0.168,0.1096,0.168,0.5089247213464694,1.5750819516955612,-0.4270108725477768,-0.43816998445420074,-0.45610981593455124
